71576.2
1324.2
1301.9
1358.5
1094
1059.2
1056.1
1054.2
1082
1039.2
1055.3
1014.8
1275.1
1041.4
1079.4
1331.5
1149.9
1083.8
1047.2
1024
1043
1014.5
1049.4
1181.9
1063.3
1026.9
999.6
1095.9
1036
974
1058.3
1065.2
1044.9
1032.1
1134
1311.5
1189.2
1024.5
1028.4
1041
996.1
984
1235.8
1178.8
1004.2
1035.7
1090.3
985.8
996.7
1046
1033.5
1080.2
1000.8
986.4
1020.1
1336
1167.9
1102.1
990
1001.9
1205.8
1102.3
1187.9
1003.7
2332.5
983.3
979.5
932.3
984.3
1053.3
1220.6
962.7
988
1165
925.1
891.8
1051.2
950.3
903.6
899.2
884
872.7
873.3
887
1020.1
1016.6
1422.9
912.6
891.7
860.2
903.6
878.6
964.7
885.4
1219.4
938.5
917.3
896.3
838.1
851.2
838.1
833
821.7
891.4
886
881
865
1171.3
1155.1
853.6
816.2
800.5
806.6
818.4
835.3
838
821.1
816.5
885
3300.7
820.6
820.8
825.8
830
803.7
806.3
827.2
968.4
880.4
800.5
783.5
1236.8
1018.7
813.5
839.7
774.9
761.2
774
770.5
781.9
964.3
867.6
787.8
751.4
767.2
753
751.8
733.9
1460.9
3996.2
865.3
914.1
824.8
1091.6
830.2
1101.9
970.5
908.4
981
867.8
893.6
873.9
871.2
900.6
1368
965.2
854
853.2
858
862.3
929.5
872.3
1046.4
845.1
829.8
1080.7
1068.5
905.5
855.5
890.2
884.3
1123.1
904.6
849
863.1
895.9
1034.1
936.5
836.1
914.1
879
950.5
888.5
872.2
873.8
864
837.2
813.7
1070.7
971.3
898.6
2065
882.9
891
824.7
835.2
837.9
989.7
860.3
802.8
782
790.2
2714.2
928.8
863
833.6
831.9
794.7
809.6
892.5
1078.9
838.2
800.7
788.5
802.2
784.7
823.1
784.2
781.3
845.1
830.3
788.4
792.8
785.3
785.5
765.5
774.5
825.6
758.1
768.1
751.8
793.2
1053.2
788.8
822.5
785.6
778.6
783.1
801.2
781.1
771.2
792.3
771.8
766.1
807.2
905.7
972.8
838.3
777.3
820.2
790.6
920.8
794.4
786
985.2
746.7
774
839.3
815
889.7
1173.9
797.3
796.3
976.9
912.6
805.5
785.3
767.9
770
748.9
782.8
750.8
799.9
782.6
756
749.5
835.7
1045.4
760.2
744.5
741.7
773.5
751
759.6
735.4
747.1
748.6
850.2
774.6
809.6
795.1
762.1
818.6
815.3
840.7
777.1
793.7
904.8
841.5
1071.8
757.1
815.3
787
778.7
784.4
787
769.9
809.9
779.2
785.9
765
1131.4
886.4
831.6
795.2
745.5
746.2
956.4
963.9
868.1
905.5
1152.2
825
797.8
792.9
901.6
827.1
1024.2
996.5
863.1
832.8
793.4
821
793
840
792
812.8
812.3
795
932
844.8
858.8
831.9
1097.1
1002.9
809.1
810.2
836.4
792.1
801
777.7
802.4
779
794.2
785.7
814.7
988.5
838.2
834.3
842
820.1
840.2
797.9
798.7
903.2
801.3
1069.3
835
841
835.3
816.5
799
842.4
910.1
872.1
854.2
824.3
810.2
786.9
851.3
819.9
791.2
799.1
826.3
851.8
802.3
795.1
790.9
1075.8
779
789.5
791.4
775.2
778.9
759.1
792.3
771
779.7
778.3
772.2
816.2
801.3
800.2
793.2
790.5
798.4
795.5
785.7
771.1
757
958.7
786
781.7
805.2
781.7
4594.7
839.4
800.3
796.8
813.4
839.3
785.3
789.2
772.6
768.9
764.8
766.5
754.5
768.6
769.6
762
791.2
794.7
1344.3
778.3
764.8
1092.4
794.7
773.7
775.2
779.1
748.2
762
752.1
737.2
757.3
785.2
738.7
744.6
1007.2
882.7
811
818.4
901
785.9
1082
832
786.3
842.9
779.2
843
763.5
785.1
927.4
786.4
751.5
734.3
823.7
810
828.9
776.3
804.7
765.9
863.2
793.8
739.7
750.2
1128.7
830.6
731.5
851.2
727.7
753.4
787.5
741.1
742.5
738.1
779.6
736
761.7
783.1
1024
2679
842.3
772.8
790.3
805.1
4058.5
880.2
1012.3
704.1
699.8
709.2
679
801.6
921
904
894
916.1
879.9
892.3
921.4
958.7
953.4
970.5
960.7
940
943.5
977.7
945.6
966.1
1182.8
910.5
950.3
926
936.7
911.9
927.8
933.6
954.4
963.7
955.2
915.1
922.7
950.7
956
1226.6
987.3
966.4
921.5
891.6
909.5
867.7
1196.8
878.3
898
968.8
1073.8
928.7
978.2
911.5
921.5
975.7
908
864.7
861.4
862.1
932.1
921.9
892.1
890.3
974.2
896
872.4
938.2
1053.2
1063.9
1103.3
881.8
861.2
848.2
821.1
881.3
872.3
842.2
828.4
859.8
879
832.7
1204.7
861.5
1991.1
1123
22187.1
2627.9
852.7
846.8
864.4
1224.2
879.6
1001.3
909.9
876
924.3
849.2
842.1
808.7
806.4
867.9
786.2
800
837.3
825.7
811.6
821.8
969.8
894.6
848.1
815.7
856.9
1090.2
835.1
813.5
771.8
829.3
816.5
805.2
842.6
787.6
815.2
791
779.3
768
769
763.1
794.5
782.5
797
789.3
822.1
789.2
768.7
1003.9
736.6
757.6
747.9
742.6
744.2
757.4
754.8
741.8
750.7
762.9
738.5
763
751.5
756.5
763.5
789
5060.1
769.7
787.3
805.9
760.6
1157.6
838.8
759.6
767
804
768.6
743.5
772.6
745.8
889.1
1077.7
809.4
749
753.3
737.4
738.8
710.6
709.1
744.3
732.5
710.4
801.2
836
1026.3
747.7
805.7
744.4
700.1
1030.4
897.3
842
829.8
1068.7
848.2
829.6
823
876.9
928.4
866.4
879.4
874.5
865.8
916.1
843.5
880.4
1145.7
835.3
821.9
938
1032.6
1009.2
900
910.5
865.8
843.7
864.2
842
830
812.7
811.3
1128.3
911.5
1108.5
923.2
816.7
835.6
829.3
1129
810.5
1119
826.5
803.2
827
816.8
817.7
789.5
775.7
807.9
807.4
817.5
806.7
1005.3
812.8
838.3
775.1
793.5
770.2
798.5
775.1
1051.6
824.6
788.1
757.1
1099.5
869.2
834.9
799.7
829.7
836.3
790.7
816.1
854.3
908.1
941.2
849.3
815.3
775.5
784
787.7
786.6
764.1
765.7
1061
801.1
785.5
753.6
760.9
712
725
720.9
737.5
730.9
730.4
749.2
739.6
746.4
780.6
768.7
759.2
868.9
732.9
756.6
735
730.7
959.6
722.2
716.2
724.1
729
723.6
776.6
700.1
726.3
697.2
761.3
728.7
705.4
738.7
732.1
688
692
694.1
716.1
972.3
780.3
783.3
1078.7
779
752
741.4
974.2
706.3
942.5
752.1
790.8
771.2
773
749.9
758
741.3
723.2
764.5
938.9
948.2
718
722.5
696.7
736.1
713.3
1042.7
755.9
726.1
714
910.4
767.2
723.8
960.9
845.5
854.5
766.1
730.8
688.2
716.5
711.4
900.2
806.4
755.2
722
748.1
754.5
1031
1061.2
767.1
845.2
774.9
737.9
734.2
756.9
738.6
756.1
750.9
726
881
920.7
849.9
1090.1
886
877.3
843.5
850
839.3
830.6
832.7
1127.6
832.2
835.4
1120.5
1073.9
863.7
817.4
812.3
827.6
815.3
838
811.6
848.9
860.9
835.6
837.4
1009.4
916.1
869.5
878.7
874.3
802.2
817.7
1083
841.9
922.1
1074.3
1030.9
881.3
841.2
817.5
819.1
816.2
815.8
810.6
838.8
812.7
817.6
955
1013.1
876.8
867.1
827.9
858.2
825.1
1198.2
852.9
925.2
843.8
834.8
810.6
808.9
888.8
835.5
899.2
849
820.3
816.9
828.5
841.4
797
847.1
1065
946
917.3
871.8
915.2
1232.1
884.5
856.8
872.4
875.8
861.9
1175.9
894.5
890.6
1041.7
947.3
914.7
872.8
847.7
842.2
819.2
808.6
1133.2
915
837.1
799.7
821.5
1119
7473.7
1087.5
1112.2
1197.9
948.7
1656.9
1587
1826.4
985.9
1270.5
1270.4
1407.4
1240.2
1242.4
1251.8
1125.1
1068.6
1185.5
1498.9
1208.3
1409.5
1705.5
1786.2
